[0;37;5;47;107m                                        [0m
[0;37;5;47;107m S[0;1;30;90;47m8[0;1;37;97;47m [0;1;31;91;47mS[0;1;37;97;47m [0;1;31;91;47mX[0;1;37;97;47m [0;1;31;91;47mS[0;1;37;97;47m [0;1;31;91;47mS[0;1;37;97;47m [0;1;31;91;47mX[0;1;37;97;47m [0;1;31;91;47mS[0;1;37;97;47m [0;1;31;91;47mS[0;1;37;97;47m [0;1;31;91;47mX[0;1;37;97;47m [0;1;31;91;47mS[0;1;37;97;47m [0;1;31;91;47mS[0;1;37;97;47m [0;1;31;91;47mX[0;1;37;97;47m [0;1;31;91;47mS[0;1;37;97;47m [0;1;31;91;47mS[0;1;37;97;47m [0;1;31;91;47mX[0;1;37;97;47m [0;1;31;91;47mS[0;1;37;97;47m [0;1;31;91;47mS[0;1;37;97;47m [0;1;31;91;47mX[0;1;37;97;47m [0;37;5;47;107m; [0m
[0;37;5;47;107m 8[0;31;5;41;101m  ::;:;:::;:;:::;:;:::;:;:::;:;:::;:[0;37;5;47;107m  [0m
[0;37;5;47;107m 8[0;31;5;41;101m%888@8@8888@88888@8888@8@8888@88888X[0;37;5;47;107m  [0m
[0;37;5;47;107m 8[0;31;5;41;101mX@8@8888@888@8@888@88[0;1;30;90;47m8[0;37;5;47;107m8[0;31;5;41;101m%88@888@8@88[0;33;5;40;100m.[0;37;5;47;107m  [0m
[0;37;5;47;107m 8[0;31;5;41;101mS888@8@88[0;33;5;41;101m8[0;31;5;41;101m@88@8[0;33;5;41;101m8[0;31;5;41;101m@8[0;35;5;41;101m8[0;31;5;41;101m8[0;1;30;90;47m8[0;37;5;47;107m:8[0;31;5;41;101mt@88@8[0;33;5;41;101m8[0;31;5;41;101m8@[0;35;5;41;101m8[0;33;5;41;101m8[0;31;5;41;101m% [0;37;5;47;107m  [0m
[0;37;5;47;107m 8[0;31;5;41;101mX8@8[0;33;5;41;101m8[0;35;5;41;101m8[0;33;5;41;101m8[0;35;5;41;101m8[0;31;5;41;101m@[0;35;5;41;101m8[0;31;5;41;101m8[0;35;5;41;101m8[0;33;5;41;101m8[0;35;5;41;101m8[0;31;5;41;101m@[0;35;5;41;101m8[0;31;5;41;101m8[0;33;5;41;101m8[0;31;5;41;101m8[0;33;5;41;101m%[0;37;5;47;107m  [0;1;37;97;47m.[0;31;5;41;101m.8@[0;33;5;41;101m8[0;35;5;41;101m8[0;31;5;41;101m@[0;35;5;41;101m8[0;31;5;41;101m@[0;33;5;41;101m8[0;31;5;41;101m8@8[0;1;31;91;45m8[0;37;5;47;107m  [0m
[0;37;5;47;107m 8[0;31;5;41;101mS88[0;35;5;41;101m8[0;31;5;41;101m@8@8[0;33;5;41;101m8[0;31;5;41;101m@8[0;33;5;41;101m8[0;31;5;41;101m@88[0;33;5;41;101m8[0;31;5;41;101m@8[0;1;30;90;45m8[0;37;5;47;107m   8[0;31;5;41;101m;88@8[0;33;5;41;101m8[0;31;5;41;101m@8[0;35;5;41;101m8[0;31;5;41;101m@8@[0;1;31;91;43m8[0;37;5;47;107m  [0m
[0;37;5;47;107m 8[0;31;5;41;101mX@8[0;33;5;41;101m8[0;31;5;41;101m@8[0;35;5;41;101m8[0;31;5;41;101m@88[0;35;5;41;101m8[0;31;5;41;101m@8[0;33;5;41;101m8[0;35;5;41;101m8[0;31;5;41;101m@8[0;1;31;91;47m8[0;37;5;47;107mt:t:8[0;31;5;41;101mt@8[0;35;5;41;101m8[0;31;5;41;101m@8[0;35;5;41;101m8[0;31;5;41;101m8[0;33;5;41;101m8[0;31;5;41;101m8[0;35;5;41;101m8[0;31;5;41;101m@[0;35;5;41;101mS[0;37;5;47;107m  [0m
[0;37;5;47;107m 8[0;31;5;41;101mX8@8[0;35;5;41;101m8[0;33;5;41;101m8[0;31;5;41;101m@[0;33;5;41;101m8[0;35;5;41;101m8[0;31;5;41;101m@[0;33;5;41;101m8[0;31;5;41;101m@[0;35;5;41;101m8[0;31;5;41;101m@@8@[0;37;5;47;107mt [0;1;37;97;47m  [0;37;5;47;107m;8[0;31;5;41;101m;8@[0;33;5;41;101m8[0;31;5;41;101m8@[0;33;5;41;101m8[0;31;5;41;101m@8@[0;33;5;41;101m8[0;31;5;41;101m@[0;1;30;90;43m8[0;37;5;47;107m  [0m
[0;37;5;47;107m 8[0;31;5;41;101mS88@8@88@888@[0;33;5;41;101m8[0;31;5;41;101m8[0;35;5;41;101m8[0;37;5;47;107m@.8[0;31;5;41;101m [0;37;5;47;107m8@8[0;31;5;41;101m:@88[0;35;5;41;101m8[0;31;5;41;101m8@[0;35;5;41;101m8[0;31;5;41;101m8@[0;35;5;41;101m8[0;31;5;41;101mS[0;35;5;41;101m:[0;37;5;47;107m  [0m
[0;37;5;47;107m 8[0;31;5;41;101mX@8[0;33;5;41;101m8[0;35;5;41;101m8[0;31;5;41;101m8[0;33;5;41;101m8[0;35;5;41;101m8[0;31;5;41;101m@[0;33;5;41;101m8[0;35;5;41;101m8[0;31;5;41;101m@8[0;35;5;41;101m8[0;33;5;41;101m8[0;37;5;47;107m@ [0;1;37;97;47mt[0;31;5;41;101m t[0;1;37;97;47m [0;37;5;47;107mt8[0;31;5;41;101m:8@8[0;33;5;41;101m8[0;31;5;41;101m@8[0;33;5;41;101m8[0;31;5;41;101m@8[0;33;5;41;101m8[0;31;5;41;101m8[0;1;31;91;45m8[0;37;5;47;107m  [0m
[0;37;5;47;107m 8[0;31;5;41;101mX8@[0;35;5;41;101m8[0;31;5;41;101m@8@88@8[0;33;5;41;101m8[0;35;5;41;101m8[0;31;5;41;101m8[0;1;37;97;47m%[0;37;5;47;107m X[0;31;5;41;101m @S[0;1;37;97;47m [0;37;5;47;107m;8[0;31;5;41;101m:@8@[0;35;5;41;101m8[0;31;5;41;101m8@[0;35;5;41;101m8[0;31;5;41;101m8[0;35;5;41;101m8[0;31;5;41;101m@@[0;33;5;41;101mX[0;37;5;47;107m  [0m
[0;37;5;47;107m 8[0;31;5;41;101mS88[0;33;5;41;101m8[0;31;5;41;101m@8[0;35;5;41;101m8[0;33;5;41;101m8[0;31;5;41;101m@[0;35;5;41;101m8[0;31;5;41;101m@@8[0;1;37;97;47m [0;37;5;47;107m.S[0;33;5;41;101m.[0;31;5;41;101m8@S[0;37;5;47;107m8X8[0;31;5;41;101m:@88@[0;33;5;41;101m8[0;31;5;41;101m8@[0;33;5;41;101m8[0;31;5;41;101m@88[0;1;30;90;45m8[0;37;5;47;107m  [0m
[0;37;5;47;107m 8[0;31;5;41;101mX@8@[0;35;5;41;101m8[0;33;5;41;101m8[0;31;5;41;101m@88[0;33;5;41;101m8[0;31;5;41;101m88[0;1;37;97;47m%[0;37;5;47;107m.@[0;31;5;41;101m @[0;33;5;41;101m8[0;31;5;41;101m@X[0;1;37;97;47m [0;37;5;47;107m;[0;1;37;97;47m [0;31;5;41;101m @8@[0;35;5;41;101m8[0;31;5;41;101m8@[0;35;5;41;101m8[0;31;5;41;101m8[0;33;5;41;101m8[0;35;5;41;101m8[0;31;5;41;101m%[0;33;5;41;101m:[0;37;5;47;107m  [0m
[0;37;5;47;107m 8[0;31;5;41;101mX8@88@8[0;35;5;41;101m8[0;31;5;41;101m@[0;35;5;41;101m8[0;31;5;41;101m8[0;1;37;97;47m [0;37;5;47;107m: [0;37;5;41;101m8[0;31;5;41;101mS@[0;35;5;41;101m8[0;31;5;41;101m8S[0;37;5;47;107m8%8[0;31;5;41;101m @8[0;33;5;41;101m8[0;31;5;41;101m@8[0;33;5;41;101m8[0;31;5;41;101m8@8@8[0;1;30;90;43m8[0;37;5;47;107m  [0m
[0;37;5;47;107m 8[0;31;5;41;101mS88[0;33;5;41;101m8[0;35;5;41;101m8[0;31;5;41;101m8[0;33;5;41;101m8[0;31;5;41;101m@[0;33;5;41;101m8[0;31;5;41;101m8[0;33;5;41;101mX[0;1;37;97;47m%[0;37;5;47;107m8[0;37;5;41;101m8[0;31;5;41;101m;@88@X[0;1;31;91;47mX[0;37;5;47;107m8[0;37;5;41;101m8[0;31;5;41;101m;888[0;35;5;41;101m8[0;31;5;41;101m@8[0;35;5;41;101m8[0;33;5;41;101m8[0;31;5;41;101m@[0;35;5;41;101m8[0;31;5;41;101mS[0;35;5;41;101m:[0;37;5;47;107m  [0m
[0;37;5;47;107m 8[0;31;5;41;101mX@8[0;35;5;41;101m8[0;31;5;41;101m@@8[0;35;5;41;101m8[0;31;5;41;101m8[0;1;30;90;47m8[0;37;5;47;107m.88@;. ..;88Xt: [0;1;37;97;47m [0;31;5;41;101m%8[0;33;5;41;101m8[0;31;5;41;101m@88[0;33;5;41;101m8[0;31;5;41;101m@[0;35;5;41;101m@[0;37;5;47;107m  [0m
[0;37;5;47;107m 8[0;31;5;41;101mX8@[0;33;5;41;101m8[0;31;5;41;101m88[0;33;5;41;101m8[0;31;5;41;101m@S;[0;1;35;95;47mS[0;37;5;47;107m8[0;1;37;97;47m [0;37;5;47;107m8[0;1;37;97;47m [0;37;5;47;107m8[0;1;37;97;47m   [0;37;5;47;107m88[0;1;37;97;47m [0;37;5;47;107m8[0;1;37;97;47m [0;37;5;47;107m8[0;1;37;97;47m [0;37;5;41;101m8[0;31;5;41;101mt@8[0;35;5;41;101m8[0;31;5;41;101m@8[0;35;5;41;101m8[0;31;5;41;101m8[0;1;31;91;43m8[0;37;5;47;107m  [0m
[0;37;5;47;107m 8[0;31;5;41;101mS88@[0;35;5;41;101m8[0;31;5;41;101m@[0;35;5;41;101m8[0;31;5;41;101m8@X[0;33;5;41;101m:[0;1;31;91;47m@[0;37;5;41;101m88[0;1;31;91;47mX[0;37;5;41;101m8[0;1;31;91;47mSSS[0;37;5;41;101m888888[0;1;37;97;47m [0;37;5;41;101m8[0;31;5;41;101m;8@[0;33;5;41;101m8[0;31;5;41;101m8@[0;33;5;41;101m8[0;31;5;41;101m@[0;35;5;41;101mX[0;37;5;47;107m  [0m
[0;37;5;47;107m 8[0;31;5;41;101mX@88[0;33;5;41;101m8[0;31;5;41;101m@8[0;33;5;41;101m8[0;31;5;41;101m88[0;33;47m@[0;1;37;97;47m  [0;37;5;41;101m8[0;1;37;97;47m  [0;1;33;93;47mS[0;1;35;95;5;41;101m8[0;37;5;47;107m8[0;1;33;93;47m@[0;37;5;45;105m8[0;37;5;43;103m8[0;37;5;45;105m8[0;37;5;43;103m8[0;37;5;45;105m8[0;37;5;43;103m8[0;1;35;95;5;41;101m@[0;31;5;41;101mS88[0;35;5;41;101m8[0;31;5;41;101m@[0;35;5;41;101m8[0;31;5;41;101m@8[0;1;30;90;43m8[0;37;5;47;107m  [0m
[0;37;5;47;107m 8[0;31;5;41;101mX8@[0;35;5;41;101m8[0;31;5;41;101m@88[0;35;5;41;101m8[0;31;5;41;101m@S.              :X8[0;33;5;41;101m8[0;31;5;41;101m@8[0;33;5;41;101m8[0;31;5;41;101m88S[0;35;5;41;101m:[0;37;5;47;107m  [0m
[0;37;5;47;107m 8[0;31;5;41;101mS88[0;33;5;41;101m8[0;31;5;41;101m8[0;35;5;41;101m8[0;33;5;41;101m8[0;31;5;41;101m@88@XSSttSXX@@@@@@88@8[0;35;5;41;101m8[0;31;5;41;101m@8@[0;35;5;41;101m8[0;31;5;41;101m8[0;1;30;90;45m8[0;37;5;47;107m  [0m
[0;37;5;47;107m :;  . ..    ..:;;;;;t;;;::.   :   .    [0m
